10/18/18 21:40

nearest_neighbor.py has not been modified yet

-------------------------------------------------------------------------------

10/19/18 17:42

nearest_neighbor.py has not been modified yet

-------------------------------------------------------------------------------

10/22/18 17:12

Problem 1 (5 points):

	exhaustive_search() failed: incorrect nearest neighbor
	Correct response: [ 0.084  0.336  0.554  0.713  0.371  0.075  0.659  0.026  0.022  0.567]
	Student response: [ 0.525  0.6    0.218  0.983  0.124  0.91   0.583  0.937  0.743  0.427]

	exhaustive_search() failed: incorrect minimum distance
	Correct response: 0.7718819465628526
	Student response: 1.5912090432124437

	exhaustive_search() failed: incorrect nearest neighbor
	Correct response: [ 0.47   0.411  0.113  0.562  0.068  0.258  0.272  0.98   0.148  0.677
  0.114  0.715  0.314  0.684  0.541  0.612  0.447  0.905  0.886  0.183
  0.244  0.372  0.468  0.627  0.531  0.419  0.817  0.836  0.277  0.092
  0.915  0.129  0.387  0.1    0.672  0.02   0.954  0.048  0.471  0.108
  0.573  0.61   0.136  0.98   0.725  0.09   0.679  0.363  0.848  0.947
  0.426  0.687  0.931  0.66   0.562  0.853  0.773  0.381  0.348  0.167
  0.195  0.394  0.666  0.207  0.669  0.198  0.593  0.669  0.331  0.611
  0.119  0.351  0.727  0.552  0.394  0.737  0.23   0.347  0.042  0.372
  0.169  0.529  0.698  0.326  0.715  0.652  0.605  0.63   0.913  0.752
  0.339  0.127  0.935  0.242  0.301  0.533  0.005  0.649  0.978  0.035]
	Student response: [ 0.124  0.801  0.466  0.567  0.52   0.95   0.173  0.543  0.176  0.132
  0.631  0.578  0.149  0.739  0.484  0.681  0.777  0.21   0.815  0.981
  0.683  0.434  0.791  0.147  0.34   0.311  0.899  0.582  0.414  0.478
  0.735  0.359  0.144  0.629  0.169  0.336  0.71   0.572  0.445  0.086
  0.508  0.897  0.408  0.142  0.715  0.776  0.696  0.955  0.13   0.323
  0.267  0.734  0.084  0.596  0.964  0.189  0.423  0.353  0.256  0.931
  0.517  0.975  0.1    0.49   0.834  0.29   0.062  0.908  0.371  0.396
  0.846  0.447  0.132  0.635  0.758  0.843  0.102  0.919  0.286  0.207
  0.137  0.63   0.689  0.386  0.057  0.211  0.458  0.447  0.61   0.52
  0.675  0.409  0.639  0.276  0.775  0.951  0.388  0.287  0.577  0.763]

	exhaustive_search() failed: incorrect minimum distance
	Correct response: 3.8376076547688074
	Student response: 4.035447887943256
Score += 0

Problem 2 (5 points):
Score += 5

Problem 3 (10 points):
Score += 10

Problem 4 (10 points):
NotImplementedError: Problem 4 Incomplete

Problem 5 (10 points):
NotImplementedError: Problem 5 Incomplete (KNeighborsClassifier class not found)

Problem 6 (5 points):
NotImplementedError: Problem 6 Incomplete

Code Quality (5 points):
Score += 5

Total score: 20/50 = 40.0%

-------------------------------------------------------------------------------

10/23/18 16:11

Problem 1 (5 points):

	exhaustive_search() failed: incorrect nearest neighbor
	Correct response:
[ 0.853  0.377  0.623  0.054  0.226  0.179  0.851  0.409  0.836  0.723]
	Student response:
[ 0.167  0.929  0.054  0.93   0.889  0.399  0.586  0.146  0.608  0.596]

	exhaustive_search() failed: incorrect minimum distance
	Correct response:
0.5492513289862345
	Student response:
1.3855928586401391

	exhaustive_search() failed: incorrect nearest neighbor
	Correct response:
[ 0.649  0.724  0.491  0.132  0.085  0.531  0.446  0.245  0.024  0.732
  0.156  0.976  0.15   0.912  0.899  0.938  0.618  0.165  0.864  0.726
  0.745  0.667  0.936  0.907  0.026  0.694  0.875  0.479  0.138  0.906
  0.642  0.502  0.934  0.179  0.867  0.678  0.302  0.046  0.837  0.248
  0.218  0.044  0.17   0.046  0.518  0.712  0.453  0.186  0.559  0.677
  0.603  0.802  0.775  0.697  0.041  0.839  0.605  0.887  0.49   0.795
  0.791  0.811  0.4    0.583  0.898  0.567  0.835  0.107  0.136  0.82
  0.387  0.614  0.573  0.174  0.983  0.749  0.058  0.568  0.895  0.515
  0.902  0.136  0.91   0.188  0.234  0.519  0.553  0.068  0.485  0.16
  0.467  0.72   0.535  0.612  0.214  0.314  0.186  0.205  0.813  0.129]
	Student response:
[ 0.553  0.785  0.823  0.553  0.494  0.503  0.719  0.132  0.856  0.939
  0.817  0.989  0.959  0.091  0.617  0.536  0.948  0.906  0.893  0.346
  0.291  0.024  0.356  0.16   0.794  0.147  0.731  0.679  0.883  0.972  0.1
  0.76   0.035  0.187  0.817  0.106  0.717  0.445  0.068  0.391  0.907
  0.349  0.585  0.823  0.384  0.762  0.427  0.659  0.307  0.058  0.812
  0.937  0.461  0.21   0.355  0.224  0.724  0.514  0.802  0.786  0.384
  0.364  0.544  0.292  0.821  0.45   0.953  0.297  0.018  0.176  0.274
  0.844  0.408  0.09   0.692  0.436  0.115  0.773  0.821  0.385  0.582
  0.15   0.695  0.953  0.979  0.552  0.863  0.95   0.955  0.156  0.572
  0.298  0.558  0.03   0.642  0.069  0.851  0.174  0.046  0.524]

	exhaustive_search() failed: incorrect minimum distance
	Correct response:
3.881096668044723
	Student response:
4.065585043020221
Score += 0

Problem 2 (5 points):
Score += 5

Problem 3 (10 points):
Score += 10

Problem 4 (10 points):

	_student_nn() failed: incorrect nearest neighbor
	Correct response: [ 0.587  0.776  0.052  0.316  0.253  0.715  0.846  0.193  0.887  0.374
  0.757  0.551  0.891  0.709  0.121  0.562  0.347  0.     0.568  0.716
  0.212  0.178  0.457  0.904  0.249  0.951  0.199  0.354  0.562  0.76
  0.762  0.7    0.802  0.72   0.22   0.418  0.489  0.958  0.463  0.284
  0.532  0.177  0.206  0.595  0.345  0.255  0.357  0.172  0.235  0.066
  0.671  0.418  0.577  0.774  0.866  0.83   0.036  0.876  0.637  0.576
  0.976  0.835  0.332  0.713  0.552  0.789  0.603  0.345  0.668  0.973
  0.943  0.562  0.588  0.258  0.093  0.     0.218  0.109  0.533  0.192
  0.753  0.256  0.313  0.666  0.461  0.401  0.612  0.647  0.71   0.026
  0.844  0.862  0.799  0.819  0.686  0.239  0.403  0.048  0.27   0.654]
	Student response: [ 0.023  0.65   0.478  0.092  0.333  0.681  0.385  0.264  0.689  0.768
  0.326  0.838  0.001  0.348  0.052  0.107  0.226  0.708  0.487  0.294
  0.647  0.512  0.985  0.727  0.411  0.007  0.725  0.224  0.154  0.022
  0.724  0.819  0.571  0.505  0.496  0.967  0.985  0.149  0.533  0.246
  0.567  0.477  0.811  0.18   0.73   0.961  0.878  0.415  0.928  0.089
  0.626  0.902  0.346  0.111  0.031  0.955  0.419  0.628  0.871  0.838
  0.099  0.33   0.229  0.467  0.188  0.098  0.72   0.735  0.344  0.646
  0.331  0.535  0.229  0.924  0.038  0.191  0.579  0.875  0.478  0.053
  0.074  0.362  0.867  0.67   0.804  0.245  0.535  0.155  0.068  0.662
  0.398  0.477  0.743  0.171  0.535  0.513  0.965  0.557  0.2    0.299]

	_student_nn() failed: incorrect minimum distance
	Correct response: 3.778105655151166
	Student response: 4.155357564856255

	_student_nn() failed: incorrect nearest neighbor
	Correct response: [ 0.265  0.015  0.921  0.23   0.444  0.782  0.201  0.138  0.078  0.068
  0.721  0.205  0.935  0.123  0.732  0.336  0.35   0.817  0.373  0.826
  0.21   0.854  0.293  0.247  0.504  0.411  0.146  0.729  0.305  0.462
  0.581  0.821  0.078  0.659  0.54   0.767  0.007  0.296  0.227  0.499
  0.162  0.181  0.108  0.967  0.632  0.686  0.238  0.838  0.725  0.293
  0.213  0.081  0.886  0.123  0.305  0.055  0.253  0.817  0.244  0.456
  0.891  0.216  0.533  0.217  0.558  0.917  0.259  0.358  0.58   0.656
  0.45   0.142  0.088  0.131  0.442  0.195  0.44   0.434  0.771  0.717
  0.464  0.443  0.17   0.799  0.314  0.174  0.843  0.969  0.736  0.088
  0.193  0.4    0.797  0.144  0.658  0.32   0.317  0.736  0.913  0.971]
	Student response: [ 0.248  0.054  0.623  0.127  0.484  0.78   0.121  0.586  0.411  0.338
  0.796  0.438  0.605  0.643  0.211  0.245  0.883  0.335  0.778  0.999
  0.743  0.563  0.304  0.68   0.667  0.212  0.916  0.618  0.578  0.594
  0.768  0.892  0.934  0.163  0.792  0.361  0.992  0.826  0.011  0.669
  0.09   0.859  0.37   0.346  0.712  0.251  0.016  0.44   0.714  0.121
  0.382  0.853  0.123  0.857  0.592  0.937  0.094  0.391  0.768  0.114
  0.115  0.012  0.11   0.729  0.818  0.61   0.4    0.818  0.675  0.785
  0.806  0.68   0.643  0.962  0.232  0.931  0.369  0.735  0.871  0.382
  0.035  0.428  0.537  0.945  0.232  0.39   0.848  0.553  0.928  0.131
  0.756  0.562  0.502  0.202  0.459  0.252  0.621  0.949  0.677  0.376]

	_student_nn() failed: incorrect minimum distance
	Correct response: 3.6409713645038546
	Student response: 3.7150929656600504
Score += 6

Problem 5 (10 points):
Score += 10

Problem 6 (5 points):
prob6() failed (accuracy below 90%)
Score += 0

Code Quality (5 points):
Score += 5

Total score: 36/50 = 72.0%

-------------------------------------------------------------------------------

10/24/18 15:03

Problem 1 (5 points):

	exhaustive_search() failed: incorrect nearest neighbor
	Correct response: [ 0.388  0.006  0.564  0.761  0.438  0.478  0.978  0.374  0.689  0.203
  0.959  0.849  0.244  0.565  0.89   0.532  0.65   0.72   0.269  0.784
  0.514  0.201  0.012  0.14   0.228  0.458  0.862  0.317  0.191  0.413
  0.018  0.804  0.742  0.999  0.75   0.845  0.512  0.514  0.327  0.962
  0.048  0.91   0.144  0.38   0.717  0.867  0.001  0.241  0.721  0.849
  0.955  0.792  0.593  0.946  0.413  0.494  0.69   0.188  0.313  0.155
  0.478  0.789  0.782  0.098  0.832  0.937  0.519  0.328  0.745  0.68
  0.132  0.673  0.455  0.251  0.092  0.457  0.752  0.276  0.073  0.247
  0.857  0.529  0.045  0.696  0.746  0.197  0.287  0.51   0.475  0.392
  0.471  0.544  0.08   0.462  0.642  0.118  0.105  0.979  0.659  0.983]
	Student response: [ 0.942  0.092  0.867  0.943  0.047  0.017  0.759  0.586  0.281  0.416
  0.473  0.074  0.245  0.672  0.124  0.285  0.57   0.198  0.029  0.388
  0.981  0.967  0.421  0.962  0.901  0.288  0.331  0.681  0.357  0.622
  0.125  0.889  0.145  0.56   0.459  0.411  0.033  0.866  0.935  0.293
  0.769  0.608  0.044  0.69   0.432  0.518  0.578  0.257  0.524  0.839
  0.626  0.065  0.445  0.286  0.38   0.072  0.948  0.581  0.415  0.932
  0.252  0.285  0.941  0.515  0.587  0.286  0.727  0.066  0.807  0.595
  0.178  0.335  0.825  0.925  0.842  0.012  0.55   0.055  0.399  0.871
  0.901  0.076  0.216  0.893  0.53   0.688  0.646  0.499  0.548  0.084
  0.314  0.825  0.803  0.53   0.587  0.943  0.114  0.204  0.029  0.59 ]

	exhaustive_search() failed: incorrect minimum distance
	Correct response: 3.80406072234482
	Student response: 4.325192349425507
Score += 2

Problem 2 (5 points):
Score += 5

Problem 3 (10 points):
Score += 10

Problem 4 (10 points):

	_student_nn() failed: incorrect nearest neighbor
	Correct response: [ 0.679  0.531  0.559  0.156  0.514  0.935  0.642  0.392  0.109  0.179]
	Student response: [ 0.252  0.998  0.259  0.079  0.598  0.744  0.466  0.743  0.099  0.633]

	_student_nn() failed: incorrect minimum distance
	Correct response: 0.7534974797629846
	Student response: 1.0272550355467684

	_student_nn() failed: incorrect nearest neighbor
	Correct response: [ 0.593  0.417  0.192  0.678  0.673  0.311  0.209  0.605  0.21   0.589
  0.461  0.308  0.934  0.746  0.181  0.288  0.085  0.401  0.208  0.191
  0.905  0.605  0.542  0.007  0.789  0.861  0.646  0.403  0.404  0.995
  0.422  0.576  0.581  0.566  0.66   0.3    0.618  0.344  0.834  0.364  0.2
  0.33   0.792  0.913  0.524  0.541  0.772  0.736  0.456  0.129  0.416
  0.313  0.158  0.737  0.112  0.203  0.41   0.794  0.681  0.929  0.158
  0.187  0.071  0.571  0.751  0.356  0.449  0.892  0.794  0.096  0.145
  0.643  0.445  0.917  0.296  0.142  0.198  0.452  0.983  0.482  0.302
  0.847  0.784  0.381  0.114  0.217  0.108  0.951  0.19   0.599  0.666
  0.94   0.15   0.668  0.674  0.033  0.854  0.379  0.626  0.211]
	Student response: [ 0.198  0.616  0.57   0.081  0.056  0.804  0.293  0.371  0.399  0.95
  0.874  0.71   0.677  0.255  0.41   0.071  0.579  0.941  0.943  0.58
  0.458  0.706  0.033  0.848  0.065  0.165  0.697  0.571  0.858  0.467
  0.262  0.62   0.195  0.295  0.191  0.237  0.642  0.354  0.735  0.123
  0.582  0.784  0.679  0.859  0.49   0.616  0.906  0.591  0.792  0.406
  0.958  0.242  0.994  0.511  0.717  0.121  0.611  0.119  0.898  0.71
  0.545  0.06   0.434  0.731  0.21   0.278  0.08   0.719  0.601  0.734
  0.745  0.599  0.931  0.897  0.74   0.546  0.439  0.026  0.992  0.897
  0.284  0.777  0.421  0.009  0.052  0.379  0.932  0.05   0.321  0.575
  0.74   0.256  0.47   0.652  0.77   0.707  0.105  0.978  0.4    0.599]

	_student_nn() failed: incorrect minimum distance
	Correct response: 3.441812415902662
	Student response: 3.8084289673106033
Score += 6

Problem 5 (10 points):
Score += 10

Problem 6 (5 points):
prob6() failed (accuracy below 90%)
Score += 0

Code Quality (5 points):
Score += 5

Total score: 38/50 = 76.0%

-------------------------------------------------------------------------------

10/24/18 22:03

Problem 1 (5 points):
Score += 5

Problem 2 (5 points):
Score += 5

Problem 3 (10 points):
Score += 10

Problem 4 (10 points):
Score += 10

Problem 5 (10 points):
Score += 10

Problem 6 (5 points):
Score += 5

Code Quality (5 points):
Score += 5

Total score: 50/50 = 100.0%

Excellent!

-------------------------------------------------------------------------------

10/25/18 10:17

Problem 1 (5 points):
Score += 5

Problem 2 (5 points):
Score += 5

Problem 3 (10 points):
Score += 10

Problem 4 (10 points):
Score += 10

Problem 5 (10 points):
Score += 10

Problem 6 (5 points):
Score += 5

Code Quality (5 points):
Score += 5

Total score: 50/50 = 100.0%

Excellent!

-------------------------------------------------------------------------------

